#transition matrix test
transition_matrix_0 = [0.991 0.009 0.0 0.0 0.0; 0.0 0.9844827586206897 0.015517241379310345 0.0 0.0; 0.0 0.0 0.554 0.0024444444444444444 0.44355555555555554; 0.0 0.0 0.0 1.0 0.0; 0.0 0.0 0.0 0.0 1.0]
collection_t0 = [(1,10), (2,20)]
ttd_0 = [(10000.0, 0.2), (330.0, 0.2), (70.0, 0.2), (60.0, 0.2), (1.1, 0.2)]
ttnd_0 = [(110, 0.1), (1/0.042, 0.2), (0.25, 0.1), (86.66, 0.18), (10.9, 0.23)] 
n_steps = 100


